Case #1:
10000000000000000000000000011111 3 2 3 2 7 2 3 2 3
10000000000000000000000000101111 5 2 3 2 11 2 5 2 3
10000000000000000000000000110111 3 2 3 2 7 2 3 2 3
10000000000000000000000000111101 3 2 3 2 7 2 3 2 3
10000000000000000000000001001111 3 2 3 2 7 2 3 2 3
10000000000000000000000001010111 5 2 3 2 37 2 5 2 3
10000000000000000000000001011011 3 2 3 2 7 2 3 2 3
10000000000000000000000001011101 13 2 3 2 71 2 17 2 3
10000000000000000000000001100111 3 2 3 2 7 2 3 2 3
10000000000000000000000001101011 5 2 3 2 23 2 5 2 3
10000000000000000000000001101101 3 2 3 2 7 2 3 2 3
10000000000000000000000001110011 3 2 3 2 7 2 3 2 3
10000000000000000000000001110101 5 2 3 2 37 2 5 2 3
10000000000000000000000001111001 3 2 3 2 7 2 3 2 3
10000000000000000000000010010111 3 2 3 2 7 2 3 2 3
10000000000000000000000010011101 3 2 3 2 7 2 3 2 3
10000000000000000000000010100111 5 2 3 2 37 2 5 2 3
10000000000000000000000010101101 7 2 3 2 43 2 73 2 3
10000000000000000000000010110101 3 2 3 2 7 2 3 2 3
10000000000000000000000011000111 3 2 3 2 7 2 3 2 3
10000000000000000000000011001101 3 2 3 2 7 2 3 2 3
10000000000000000000000011010011 3 2 3 2 7 2 3 2 3
10000000000000000000000011011001 3 2 3 2 7 2 3 2 3
10000000000000000000000011100011 5 2 3 2 37 2 5 2 3
10000000000000000000000011100101 3 2 3 2 7 2 3 2 3
10000000000000000000000011110001 3 2 3 2 7 2 3 2 3
10000000000000000000000100001111 3 2 3 2 7 2 3 2 3
10000000000000000000000100011011 3 2 3 2 7 2 3 2 3
10000000000000000000000100011101 7 2 3 2 43 2 11 2 3
10000000000000000000000100100111 3 2 3 2 7 2 3 2 3
10000000000000000000000100101011 7 2 3 2 43 2 73 2 3
10000000000000000000000100101101 3 2 3 2 7 2 3 2 3
10000000000000000000000100110011 3 2 3 2 7 2 3 2 3
10000000000000000000000100111001 3 2 3 2 7 2 3 2 3
10000000000000000000000101000111 5 2 3 2 13 2 5 2 3
10000000000000000000000101001011 3 2 3 2 7 2 3 2 3
10000000000000000000000101010101 7 2 3 2 17 2 71 2 3
10000000000000000000000101100011 3 2 3 2 7 2 3 2 3
10000000000000000000000101100101 5 2 3 2 37 2 5 2 3
10000000000000000000000101101001 3 2 3 2 7 2 3 2 3
10000000000000000000000101110001 7 2 3 2 43 2 29 2 3
10000000000000000000000110000111 3 2 3 2 7 2 3 2 3
10000000000000000000000110001101 3 2 3 2 7 2 3 2 3
10000000000000000000000110010011 3 2 3 2 7 2 3 2 3
10000000000000000000000110010101 11 2 3 2 79 2 23 2 3
10000000000000000000000110011001 3 2 3 2 7 2 3 2 3
10000000000000000000000110100011 67 2 3 2 13 2 59 2 3
10000000000000000000000110100101 3 2 3 2 7 2 3 2 3
10000000000000000000000110101001 7 2 3 2 43 2 73 2 3
10000000000000000000000110110001 3 2 3 2 7 2 3 2 3
10000000000000000000000111000011 3 2 3 2 7 2 3 2 3
10000000000000000000000111000101 7 2 3 2 43 2 73 2 3
10000000000000000000000111001001 3 2 3 2 7 2 3 2 3
10000000000000000000000111100001 3 2 3 2 7 2 3 2 3
10000000000000000000001000001111 5 2 3 2 37 2 5 2 3
10000000000000000000001000010111 3 2 3 2 7 2 3 2 3
10000000000000000000001000011101 3 2 3 2 7 2 3 2 3
10000000000000000000001000100111 7 2 3 2 43 2 73 2 3
10000000000000000000001000101101 5 2 3 2 37 2 5 2 3
10000000000000000000001000110101 3 2 3 2 7 2 3 2 3
10000000000000000000001001000111 3 2 3 2 7 2 3 2 3
10000000000000000000001001001011 5 2 3 2 13 2 5 2 3
10000000000000000000001001001101 3 2 3 2 7 2 3 2 3
10000000000000000000001001010011 3 2 3 2 7 2 3 2 3
10000000000000000000001001010101 5 2 3 2 19 2 5 2 3
10000000000000000000001001011001 3 2 3 2 7 2 3 2 3
10000000000000000000001001100101 3 2 3 2 7 2 3 2 3
10000000000000000000001001101001 5 2 3 2 37 2 5 2 3
10000000000000000000001001110001 3 2 3 2 7 2 3 2 3
10000000000000000000001010000111 5 2 3 2 19 2 5 2 3
10000000000000000000001010010101 3 2 3 2 7 2 3 2 3
10000000000000000000001010100101 5 2 3 2 37 2 5 2 3
10000000000000000000001011000011 5 2 3 2 37 2 5 2 3
10000000000000000000001011000101 3 2 3 2 7 2 3 2 3
10000000000000000000001011010001 3 2 3 2 7 2 3 2 3
10000000000000000000001011100001 5 2 3 2 37 2 5 2 3
10000000000000000000001100000111 3 2 3 2 7 2 3 2 3
10000000000000000000001100001101 3 2 3 2 7 2 3 2 3
10000000000000000000001100010011 3 2 3 2 7 2 3 2 3
10000000000000000000001100010101 7 2 3 2 43 2 43 2 3
10000000000000000000001100011001 3 2 3 2 7 2 3 2 3
10000000000000000000001100100011 7 2 3 2 43 2 73 2 3
10000000000000000000001100100101 3 2 3 2 7 2 3 2 3
10000000000000000000001100110001 3 2 3 2 7 2 3 2 3
10000000000000000000001101000011 3 2 3 2 7 2 3 2 3
10000000000000000000001101000101 5 2 3 2 37 2 5 2 3
10000000000000000000001101001001 3 2 3 2 7 2 3 2 3
10000000000000000000001101100001 3 2 3 2 7 2 3 2 3
10000000000000000000001110000011 13 2 3 2 17 2 97 2 3
10000000000000000000001110000101 3 2 3 2 7 2 3 2 3
10000000000000000000001110010001 3 2 3 2 7 2 3 2 3
10000000000000000000001110100001 7 2 3 2 43 2 11 2 3
10000000000000000000001111000001 3 2 3 2 7 2 3 2 3
10000000000000000000010000001111 3 2 3 2 7 2 3 2 3
10000000000000000000010000010111 5 2 3 2 19 2 5 2 3
10000000000000000000010000011011 3 2 3 2 7 2 3 2 3
10000000000000000000010000100111 3 2 3 2 7 2 3 2 3
10000000000000000000010000101011 5 2 3 2 37 2 5 2 3
10000000000000000000010000101101 3 2 3 2 7 2 3 2 3
10000000000000000000010000110011 3 2 3 2 7 2 3 2 3
10000000000000000000010000110101 5 2 3 2 37 2 5 2 3
10000000000000000000010000111001 3 2 3 2 7 2 3 2 3
10000000000000000000010001001011 3 2 3 2 7 2 3 2 3
10000000000000000000010001010011 5 2 3 2 13 2 5 2 3
10000000000000000000010001011001 17 2 3 2 29 2 17 2 3
10000000000000000000010001100011 3 2 3 2 7 2 3 2 3
10000000000000000000010001100101 7 2 3 2 43 2 73 2 3
10000000000000000000010001101001 3 2 3 2 7 2 3 2 3
10000000000000000000010001110001 5 2 3 2 37 2 5 2 3
10000000000000000000010010000111 3 2 3 2 7 2 3 2 3
10000000000000000000010010001101 3 2 3 2 7 2 3 2 3
10000000000000000000010010010011 3 2 3 2 7 2 3 2 3
10000000000000000000010010011001 3 2 3 2 7 2 3 2 3
10000000000000000000010010100011 5 2 3 2 37 2 5 2 3
10000000000000000000010010100101 3 2 3 2 7 2 3 2 3
10000000000000000000010010110001 3 2 3 2 7 2 3 2 3
10000000000000000000010011000011 3 2 3 2 7 2 3 2 3
10000000000000000000010011001001 3 2 3 2 7 2 3 2 3
10000000000000000000010011100001 3 2 3 2 7 2 3 2 3
10000000000000000000010100000111 5 2 3 2 37 2 5 2 3
10000000000000000000010100001011 3 2 3 2 7 2 3 2 3
10000000000000000000010100001101 7 2 3 2 11 2 73 2 3
10000000000000000000010100011001 23 2 3 2 17 2 43 2 3
10000000000000000000010100100011 3 2 3 2 7 2 3 2 3
10000000000000000000010100100101 5 2 3 2 37 2 5 2 3
10000000000000000000010100101001 3 2 3 2 7 2 3 2 3
10000000000000000000010100110001 11 2 3 2 13 2 31 2 3
10000000000000000000010101000011 5 2 3 2 37 2 5 2 3
10000000000000000000010101000101 7 2 3 2 43 2 73 2 3
10000000000000000000010101100001 5 2 3 2 37 2 5 2 3
10000000000000000000010110000011 3 2 3 2 7 2 3 2 3
10000000000000000000010110000101 29 2 3 2 17 2 67 2 3
10000000000000000000010110001001 3 2 3 2 7 2 3 2 3
10000000000000000000010110100001 3 2 3 2 7 2 3 2 3
10000000000000000000011000000111 3 2 3 2 7 2 3 2 3
10000000000000000000011000001011 5 2 3 2 37 2 5 2 3
10000000000000000000011000001101 3 2 3 2 7 2 3 2 3
10000000000000000000011000010011 3 2 3 2 7 2 3 2 3
10000000000000000000011000010101 5 2 3 2 11 2 5 2 3
10000000000000000000011000011001 3 2 3 2 7 2 3 2 3
10000000000000000000011000100101 3 2 3 2 7 2 3 2 3
10000000000000000000011000101001 5 2 3 2 37 2 5 2 3
10000000000000000000011000110001 3 2 3 2 7 2 3 2 3
10000000000000000000011001000011 3 2 3 2 7 2 3 2 3
10000000000000000000011001001001 3 2 3 2 7 2 3 2 3
10000000000000000000011001010001 5 2 3 2 37 2 5 2 3
10000000000000000000011001100001 3 2 3 2 7 2 3 2 3
10000000000000000000011010000011 5 2 3 2 23 2 5 2 3
10000000000000000000011010000101 3 2 3 2 7 2 3 2 3
10000000000000000000011010010001 3 2 3 2 7 2 3 2 3
10000000000000000000011010100001 5 2 3 2 13 2 5 2 3
10000000000000000000011011000001 3 2 3 2 7 2 3 2 3
10000000000000000000011100000011 3 2 3 2 7 2 3 2 3
10000000000000000000011100000101 5 2 3 2 37 2 5 2 3
10000000000000000000011100001001 3 2 3 2 7 2 3 2 3
10000000000000000000011100100001 3 2 3 2 7 2 3 2 3
10000000000000000000011101000001 5 2 3 2 37 2 5 2 3
10000000000000000000011110000001 3 2 3 2 7 2 3 2 3
10000000000000000000011111111111 3 2 3 2 7 2 3 2 3
10000000000000000000100000001111 7 2 3 2 23 2 73 2 3
10000000000000000000100000010111 3 2 3 2 7 2 3 2 3
10000000000000000000100000011101 3 2 3 2 7 2 3 2 3
10000000000000000000100000100111 5 2 3 2 37 2 5 2 3
10000000000000000000100000101011 7 2 3 2 17 2 73 2 3
10000000000000000000100000110101 3 2 3 2 7 2 3 2 3
10000000000000000000100000111001 7 2 3 2 19 2 73 2 3
10000000000000000000100001000111 3 2 3 2 7 2 3 2 3
10000000000000000000100001001101 3 2 3 2 7 2 3 2 3
10000000000000000000100001010011 3 2 3 2 7 2 3 2 3
10000000000000000000100001010101 7 2 3 2 43 2 11 2 3
10000000000000000000100001011001 3 2 3 2 7 2 3 2 3
10000000000000000000100001100011 5 2 3 2 13 2 5 2 3
10000000000000000000100001100101 3 2 3 2 7 2 3 2 3
10000000000000000000100001110001 3 2 3 2 7 2 3 2 3
10000000000000000000100010001101 7 2 3 2 43 2 73 2 3
10000000000000000000100010010101 3 2 3 2 7 2 3 2 3
10000000000000000000100010101001 5 2 3 2 43 2 73 2 3
10000000000000000000100010110001 13 2 3 2 17 2 11 2 3
10000000000000000000100011000101 3 2 3 2 7 2 3 2 3
10000000000000000000100011010001 3 2 3 2 7 2 3 2 3
10000000000000000000100011100001 7 2 3 2 43 2 73 2 3
10000000000000000000100100000111 3 2 3 2 7 2 3 2 3
10000000000000000000100100001011 7 2 3 2 43 2 73 2 3
10000000000000000000100100001101 3 2 3 2 7 2 3 2 3
10000000000000000000100100010011 3 2 3 2 7 2 3 2 3
10000000000000000000100100011001 3 2 3 2 7 2 3 2 3
10000000000000000000100100100011 41 2 3 2 11 2 53 2 3
10000000000000000000100100100101 3 2 3 2 7 2 3 2 3
10000000000000000000100100110001 3 2 3 2 7 2 3 2 3
10000000000000000000100101000011 3 2 3 2 7 2 3 2 3
10000000000000000000100101001001 3 2 3 2 7 2 3 2 3
10000000000000000000100101010001 7 2 3 2 43 2 73 2 3
10000000000000000000100101100001 3 2 3 2 7 2 3 2 3
10000000000000000000100110000101 3 2 3 2 7 2 3 2 3
10000000000000000000100110001001 7 2 3 2 17 2 5 2 3
10000000000000000000100110010001 3 2 3 2 7 2 3 2 3
10000000000000000000100111000001 3 2 3 2 7 2 3 2 3
10000000000000000000101000000111 5 2 3 2 29 2 5 2 3
10000000000000000000101000010101 3 2 3 2 7 2 3 2 3
10000000000000000000101000100011 7 2 3 2 43 2 73 2 3
10000000000000000000101000100101 5 2 3 2 37 2 5 2 3
10000000000000000000101000110001 7 2 3 2 43 2 17 2 3
10000000000000000000101001000011 5 2 3 2 17 2 5 2 3
10000000000000000000101001000101 3 2 3 2 7 2 3 2 3
10000000000000000000101001010001 3 2 3 2 7 2 3 2 3
10000000000000000000101001100001 5 2 3 2 37 2 5 2 3
10000000000000000000101010000101 7 2 3 2 43 2 73 2 3
10000000000000000000101010001001 5 2 3 2 13 2 89 2 3
10000000000000000000101010100001 7 2 3 2 11 2 73 2 3
10000000000000000000101100000011 7 2 3 2 43 2 73 2 3
10000000000000000000101100000101 3 2 3 2 7 2 3 2 3
10000000000000000000101100010001 3 2 3 2 7 2 3 2 3
10000000000000000000101101000001 3 2 3 2 7 2 3 2 3
10000000000000000000101110000001 7 2 3 2 43 2 73 2 3
10000000000000000000101111111111 7 2 3 2 43 2 73 2 3
10000000000000000000110000000111 3 2 3 2 7 2 3 2 3
10000000000000000000110000001101 3 2 3 2 7 2 3 2 3
10000000000000000000110000010011 3 2 3 2 7 2 3 2 3
10000000000000000000110000011001 3 2 3 2 7 2 3 2 3
10000000000000000000110000100011 5 2 3 2 37 2 5 2 3
10000000000000000000110000100101 3 2 3 2 7 2 3 2 3
10000000000000000000110000101001 7 2 3 2 43 2 73 2 3
10000000000000000000110000110001 3 2 3 2 7 2 3 2 3
10000000000000000000110001000011 3 2 3 2 7 2 3 2 3
10000000000000000000110001000101 7 2 3 2 11 2 73 2 3
10000000000000000000110001001001 3 2 3 2 7 2 3 2 3
10000000000000000000110001100001 3 2 3 2 7 2 3 2 3
10000000000000000000110010000101 3 2 3 2 7 2 3 2 3
10000000000000000000110010010001 3 2 3 2 7 2 3 2 3
10000000000000000000110011000001 3 2 3 2 7 2 3 2 3
10000000000000000000110100000011 3 2 3 2 7 2 3 2 3
10000000000000000000110100001001 3 2 3 2 7 2 3 2 3
10000000000000000000110100100001 3 2 3 2 7 2 3 2 3
10000000000000000000110101000001 7 2 3 2 41 2 73 2 3
10000000000000000000110110000001 3 2 3 2 7 2 3 2 3
10000000000000000000110111111111 3 2 3 2 7 2 3 2 3
10000000000000000000111000000011 5 2 3 2 11 2 5 2 3
10000000000000000000111000000101 3 2 3 2 7 2 3 2 3
10000000000000000000111000010001 3 2 3 2 7 2 3 2 3
10000000000000000000111000100001 5 2 3 2 37 2 5 2 3
10000000000000000000111001000001 3 2 3 2 7 2 3 2 3
10000000000000000000111100000001 3 2 3 2 7 2 3 2 3
10000000000000000000111101111111 3 2 3 2 7 2 3 2 3
10000000000000000000111111011111 3 2 3 2 7 2 3 2 3
10000000000000000000111111101111 7 2 3 2 43 2 73 2 3
10000000000000000000111111110111 3 2 3 2 7 2 3 2 3
10000000000000000000111111111101 3 2 3 2 7 2 3 2 3
10000000000000000001000000001111 3 2 3 2 7 2 3 2 3
10000000000000000001000000011011 3 2 3 2 7 2 3 2 3
10000000000000000001000000100111 3 2 3 2 7 2 3 2 3
10000000000000000001000000101011 17 2 3 2 11 2 17 2 3
10000000000000000001000000101101 3 2 3 2 7 2 3 2 3
10000000000000000001000000110011 3 2 3 2 7 2 3 2 3
10000000000000000001000000110101 7 2 3 2 19 2 73 2 3
10000000000000000001000000111001 3 2 3 2 7 2 3 2 3
10000000000000000001000001000111 5 2 3 2 37 2 5 2 3
10000000000000000001000001001011 3 2 3 2 7 2 3 2 3
10000000000000000001000001001101 17 2 3 2 13 2 17 2 3
10000000000000000001000001100011 3 2 3 2 7 2 3 2 3
10000000000000000001000001100101 5 2 3 2 17 2 5 2 3
10000000000000000001000001101001 3 2 3 2 7 2 3 2 3
10000000000000000001000010000111 3 2 3 2 7 2 3 2 3
10000000000000000001000010001101 3 2 3 2 7 2 3 2 3
10000000000000000001000010010011 3 2 3 2 7 2 3 2 3
10000000000000000001000010011001 3 2 3 2 7 2 3 2 3
10000000000000000001000010100101 3 2 3 2 7 2 3 2 3
10000000000000000001000010110001 3 2 3 2 7 2 3 2 3
10000000000000000001000011000011 3 2 3 2 7 2 3 2 3
10000000000000000001000011001001 3 2 3 2 7 2 3 2 3
10000000000000000001000011100001 3 2 3 2 7 2 3 2 3
10000000000000000001000100000111 7 2 3 2 43 2 73 2 3
10000000000000000001000100001011 3 2 3 2 7 2 3 2 3
10000000000000000001000100010101 7 2 3 2 43 2 5 2 3
10000000000000000001000100011001 5 2 3 2 47 2 11 2 3
10000000000000000001000100100011 3 2 3 2 7 2 3 2 3
10000000000000000001000100101001 3 2 3 2 7 2 3 2 3
10000000000000000001000100110001 7 2 3 2 11 2 43 2 3
10000000000000000001000101000101 43 2 3 2 11 2 53 2 3
10000000000000000001000110000011 3 2 3 2 7 2 3 2 3
10000000000000000001000110000101 7 2 3 2 43 2 29 2 3
10000000000000000001000110001001 3 2 3 2 7 2 3 2 3
10000000000000000001000110010001 5 2 3 2 17 2 97 2 3
10000000000000000001000110100001 3 2 3 2 7 2 3 2 3
10000000000000000001001000000111 3 2 3 2 7 2 3 2 3
10000000000000000001001000001101 3 2 3 2 7 2 3 2 3
10000000000000000001001000010011 3 2 3 2 7 2 3 2 3
10000000000000000001001000011001 3 2 3 2 7 2 3 2 3
10000000000000000001001000100101 3 2 3 2 7 2 3 2 3
10000000000000000001001000110001 3 2 3 2 7 2 3 2 3
10000000000000000001001001000011 3 2 3 2 7 2 3 2 3
10000000000000000001001001000101 5 2 3 2 37 2 5 2 3
10000000000000000001001001001001 3 2 3 2 7 2 3 2 3
10000000000000000001001001100001 3 2 3 2 7 2 3 2 3
10000000000000000001001010000101 3 2 3 2 7 2 3 2 3
10000000000000000001001010010001 3 2 3 2 7 2 3 2 3
10000000000000000001001011000001 3 2 3 2 7 2 3 2 3
10000000000000000001001100000011 3 2 3 2 7 2 3 2 3
10000000000000000001001100001001 3 2 3 2 7 2 3 2 3
10000000000000000001001100100001 3 2 3 2 7 2 3 2 3
10000000000000000001001101000001 13 2 3 2 23 2 11 2 3
10000000000000000001001110000001 3 2 3 2 7 2 3 2 3
10000000000000000001001111111111 3 2 3 2 7 2 3 2 3
10000000000000000001010000000111 5 2 3 2 23 2 5 2 3
10000000000000000001010000001011 3 2 3 2 7 2 3 2 3
10000000000000000001010000100011 3 2 3 2 7 2 3 2 3
10000000000000000001010000100101 5 2 3 2 37 2 5 2 3
10000000000000000001010000101001 3 2 3 2 7 2 3 2 3
10000000000000000001010001000011 5 2 3 2 11 2 5 2 3
10000000000000000001010001001001 17 2 3 2 83 2 17 2 3
10000000000000000001010001100001 5 2 3 2 37 2 5 2 3
10000000000000000001010010000011 3 2 3 2 7 2 3 2 3
10000000000000000001010010001001 3 2 3 2 7 2 3 2 3
10000000000000000001010010100001 3 2 3 2 7 2 3 2 3
10000000000000000001010011000001 73 2 3 2 19 2 23 2 3
10000000000000000001010100000101 7 2 3 2 13 2 11 2 3
10000000000000000001010100001001 53 2 3 2 11 2 29 2 3
10000000000000000001010100010001 19 2 3 2 19 2 5 2 3
10000000000000000001010100100001 7 2 3 2 43 2 73 2 3
10000000000000000001011000000011 3 2 3 2 7 2 3 2 3
10000000000000000001011000000101 5 2 3 2 37 2 5 2 3
10000000000000000001011000001001 3 2 3 2 7 2 3 2 3
10000000000000000001011000100001 3 2 3 2 7 2 3 2 3
10000000000000000001011001000001 5 2 3 2 17 2 5 2 3
10000000000000000001011010000001 3 2 3 2 7 2 3 2 3
10000000000000000001011011111111 3 2 3 2 7 2 3 2 3
10000000000000000001011110111111 3 2 3 2 7 2 3 2 3
10000000000000000001011111101111 3 2 3 2 7 2 3 2 3
10000000000000000001011111111011 3 2 3 2 7 2 3 2 3
10000000000000000001011111111101 43 2 3 2 41 2 67 2 3
10000000000000000001100000000111 3 2 3 2 7 2 3 2 3
10000000000000000001100000001101 3 2 3 2 7 2 3 2 3
10000000000000000001100000010011 3 2 3 2 7 2 3 2 3
10000000000000000001100000010101 7 2 3 2 13 2 59 2 3
10000000000000000001100000011001 3 2 3 2 7 2 3 2 3
10000000000000000001100000100011 7 2 3 2 29 2 11 2 3
10000000000000000001100000100101 3 2 3 2 7 2 3 2 3
10000000000000000001100000110001 3 2 3 2 7 2 3 2 3
10000000000000000001100001000011 3 2 3 2 7 2 3 2 3
10000000000000000001100001000101 11 2 3 2 19 2 17 2 3
10000000000000000001100001001001 3 2 3 2 7 2 3 2 3
10000000000000000001100001100001 3 2 3 2 7 2 3 2 3
10000000000000000001100010000101 3 2 3 2 7 2 3 2 3
10000000000000000001100010010001 3 2 3 2 7 2 3 2 3
10000000000000000001100010100001 7 2 3 2 43 2 73 2 3
10000000000000000001100011000001 3 2 3 2 7 2 3 2 3
10000000000000000001100100000011 3 2 3 2 7 2 3 2 3
10000000000000000001100100001001 3 2 3 2 7 2 3 2 3
10000000000000000001100100010001 5 2 3 2 43 2 17 2 3
10000000000000000001100100100001 3 2 3 2 7 2 3 2 3
10000000000000000001100110000001 3 2 3 2 7 2 3 2 3
10000000000000000001100111111111 3 2 3 2 7 2 3 2 3
10000000000000000001101000000101 3 2 3 2 7 2 3 2 3
10000000000000000001101000010001 3 2 3 2 7 2 3 2 3
10000000000000000001101001000001 3 2 3 2 7 2 3 2 3
10000000000000000001101010000001 11 2 3 2 59 2 67 2 3
10000000000000000001101011111111 31 2 3 2 11 2 97 2 3
10000000000000000001101100000001 3 2 3 2 7 2 3 2 3
10000000000000000001101101111111 3 2 3 2 7 2 3 2 3
10000000000000000001101110111111 7 2 3 2 43 2 5 2 3
10000000000000000001101111011111 3 2 3 2 7 2 3 2 3
10000000000000000001101111110111 3 2 3 2 7 2 3 2 3
10000000000000000001101111111101 3 2 3 2 7 2 3 2 3
10000000000000000001110000000011 3 2 3 2 7 2 3 2 3
10000000000000000001110000000101 7 2 3 2 43 2 73 2 3
10000000000000000001110000001001 3 2 3 2 7 2 3 2 3
10000000000000000001110000100001 3 2 3 2 7 2 3 2 3
10000000000000000001110001000001 17 2 3 2 11 2 17 2 3
10000000000000000001110010000001 3 2 3 2 7 2 3 2 3
10000000000000000001110011111111 3 2 3 2 7 2 3 2 3
10000000000000000001110100000001 7 2 3 2 23 2 73 2 3
10000000000000000001110101111111 7 2 3 2 43 2 73 2 3
10000000000000000001110110111111 3 2 3 2 7 2 3 2 3
10000000000000000001110111101111 3 2 3 2 7 2 3 2 3
10000000000000000001110111111011 3 2 3 2 7 2 3 2 3
10000000000000000001110111111101 5 2 3 2 43 2 11 2 3
10000000000000000001111000000001 3 2 3 2 7 2 3 2 3
10000000000000000001111001111111 3 2 3 2 7 2 3 2 3
10000000000000000001111011011111 3 2 3 2 7 2 3 2 3
10000000000000000001111011110111 3 2 3 2 7 2 3 2 3
10000000000000000001111011111101 3 2 3 2 7 2 3 2 3
10000000000000000001111100111111 3 2 3 2 7 2 3 2 3
10000000000000000001111101101111 3 2 3 2 7 2 3 2 3
10000000000000000001111101110111 7 2 3 2 19 2 23 2 3
10000000000000000001111101111011 3 2 3 2 7 2 3 2 3
10000000000000000001111110011111 3 2 3 2 7 2 3 2 3
10000000000000000001111110101111 7 2 3 2 13 2 73 2 3
10000000000000000001111110110111 3 2 3 2 7 2 3 2 3
10000000000000000001111110111101 3 2 3 2 7 2 3 2 3
10000000000000000001111111001111 3 2 3 2 7 2 3 2 3
10000000000000000001111111011011 3 2 3 2 7 2 3 2 3
10000000000000000001111111100111 3 2 3 2 7 2 3 2 3
10000000000000000001111111101101 3 2 3 2 7 2 3 2 3
10000000000000000001111111110011 3 2 3 2 7 2 3 2 3
10000000000000000001111111110101 7 2 3 2 43 2 61 2 3
10000000000000000001111111111001 3 2 3 2 7 2 3 2 3
10000000000000000010000000001111 5 2 3 2 17 2 5 2 3
10000000000000000010000000010111 3 2 3 2 7 2 3 2 3
10000000000000000010000000011011 17 2 3 2 29 2 11 2 3
10000000000000000010000000011101 3 2 3 2 7 2 3 2 3
10000000000000000010000000101101 5 2 3 2 19 2 5 2 3
10000000000000000010000000110101 3 2 3 2 7 2 3 2 3
10000000000000000010000001000111 3 2 3 2 7 2 3 2 3
10000000000000000010000001001011 5 2 3 2 37 2 5 2 3
10000000000000000010000001001101 3 2 3 2 7 2 3 2 3
10000000000000000010000001010011 3 2 3 2 7 2 3 2 3
10000000000000000010000001010101 5 2 3 2 37 2 5 2 3
10000000000000000010000001011001 3 2 3 2 7 2 3 2 3
10000000000000000010000001100101 3 2 3 2 7 2 3 2 3
10000000000000000010000001101001 5 2 3 2 37 2 5 2 3
10000000000000000010000001110001 3 2 3 2 7 2 3 2 3
10000000000000000010000010000111 5 2 3 2 37 2 5 2 3
10000000000000000010000010010101 3 2 3 2 7 2 3 2 3
10000000000000000010000010100101 5 2 3 2 29 2 5 2 3
10000000000000000010000011000011 5 2 3 2 11 2 5 2 3
10000000000000000010000011000101 3 2 3 2 7 2 3 2 3
10000000000000000010000011010001 3 2 3 2 7 2 3 2 3
10000000000000000010000011100001 5 2 3 2 37 2 5 2 3
10000000000000000010000100000111 3 2 3 2 7 2 3 2 3
10000000000000000010000100001011 53 2 3 2 19 2 23 2 3
10000000000000000010000100001101 3 2 3 2 7 2 3 2 3
10000000000000000010000100010011 3 2 3 2 7 2 3 2 3
10000000000000000010000100010101 83 2 3 2 23 2 11 2 3
10000000000000000010000100011001 3 2 3 2 7 2 3 2 3
10000000000000000010000100100101 3 2 3 2 7 2 3 2 3
10000000000000000010000100101001 7 2 3 2 43 2 73 2 3
10000000000000000010000100110001 3 2 3 2 7 2 3 2 3
10000000000000000010000101000011 3 2 3 2 7 2 3 2 3
10000000000000000010000101000101 5 2 3 2 13 2 5 2 3
10000000000000000010000101001001 3 2 3 2 7 2 3 2 3
10000000000000000010000101100001 3 2 3 2 7 2 3 2 3
10000000000000000010000110000101 3 2 3 2 7 2 3 2 3
10000000000000000010000110001001 19 2 3 2 11 2 53 2 3
10000000000000000010000110010001 3 2 3 2 7 2 3 2 3
10000000000000000010000111000001 3 2 3 2 7 2 3 2 3
10000000000000000010001000001101 5 2 3 2 37 2 5 2 3
10000000000000000010001000010101 3 2 3 2 7 2 3 2 3
10000000000000000010001000100101 7 2 3 2 17 2 73 2 3
10000000000000000010001001000101 3 2 3 2 7 2 3 2 3
10000000000000000010001001001001 5 2 3 2 13 2 5 2 3
10000000000000000010001001010001 3 2 3 2 7 2 3 2 3
10000000000000000010001010000101 5 2 3 2 37 2 5 2 3
10000000000000000010001011000001 5 2 3 2 37 2 5 2 3
10000000000000000010001100000101 3 2 3 2 7 2 3 2 3
10000000000000000010001100010001 3 2 3 2 7 2 3 2 3
10000000000000000010001100100001 7 2 3 2 43 2 73 2 3
10000000000000000010001101000001 3 2 3 2 7 2 3 2 3
10000000000000000010010000000111 3 2 3 2 7 2 3 2 3
10000000000000000010010000001011 5 2 3 2 37 2 5 2 3
10000000000000000010010000001101 3 2 3 2 7 2 3 2 3
10000000000000000010010000010011 3 2 3 2 7 2 3 2 3
10000000000000000010010000010101 5 2 3 2 37 2 5 2 3
10000000000000000010010000011001 3 2 3 2 7 2 3 2 3
10000000000000000010010000100101 3 2 3 2 7 2 3 2 3
10000000000000000010010000101001 5 2 3 2 37 2 5 2 3
10000000000000000010010000110001 3 2 3 2 7 2 3 2 3
10000000000000000010010001000011 3 2 3 2 7 2 3 2 3
10000000000000000010010001001001 3 2 3 2 7 2 3 2 3
10000000000000000010010001010001 5 2 3 2 13 2 5 2 3
10000000000000000010010001100001 3 2 3 2 7 2 3 2 3
10000000000000000010010010000011 5 2 3 2 37 2 5 2 3
10000000000000000010010010000101 3 2 3 2 7 2 3 2 3
10000000000000000010010010010001 3 2 3 2 7 2 3 2 3
10000000000000000010010010100001 5 2 3 2 11 2 5 2 3
10000000000000000010010011000001 3 2 3 2 7 2 3 2 3
10000000000000000010010100000011 3 2 3 2 7 2 3 2 3
10000000000000000010010100000101 5 2 3 2 11 2 5 2 3
10000000000000000010010100001001 3 2 3 2 7 2 3 2 3
10000000000000000010010100100001 3 2 3 2 7 2 3 2 3
10000000000000000010010101000001 5 2 3 2 37 2 5 2 3
10000000000000000010010110000001 3 2 3 2 7 2 3 2 3
10000000000000000010010111111111 3 2 3 2 7 2 3 2 3
10000000000000000010011000000101 3 2 3 2 7 2 3 2 3
10000000000000000010011000001001 5 2 3 2 37 2 5 2 3
10000000000000000010011000010001 3 2 3 2 7 2 3 2 3
10000000000000000010011001000001 3 2 3 2 7 2 3 2 3
10000000000000000010011010000001 5 2 3 2 37 2 5 2 3
10000000000000000010011100000001 3 2 3 2 7 2 3 2 3
10000000000000000010011101111111 3 2 3 2 7 2 3 2 3
10000000000000000010011111011111 3 2 3 2 7 2 3 2 3
10000000000000000010011111110111 3 2 3 2 7 2 3 2 3
10000000000000000010011111111101 3 2 3 2 7 2 3 2 3
10000000000000000010100000000111 5 2 3 2 37 2 5 2 3
10000000000000000010100000001101 7 2 3 2 43 2 73 2 3
10000000000000000010100000010101 3 2 3 2 7 2 3 2 3
10000000000000000010100000100101 5 2 3 2 11 2 5 2 3
10000000000000000010100000101001 7 2 3 2 19 2 29 2 3
10000000000000000010100001000011 5 2 3 2 29 2 5 2 3
10000000000000000010100001000101 3 2 3 2 7 2 3 2 3
10000000000000000010100001010001 3 2 3 2 7 2 3 2 3
10000000000000000010100001100001 5 2 3 2 13 2 5 2 3
10000000000000000010100011000001 61 2 3 2 11 2 19 2 3
10000000000000000010100100000101 3 2 3 2 7 2 3 2 3
10000000000000000010100100001001 7 2 3 2 43 2 73 2 3
10000000000000000010100100010001 3 2 3 2 7 2 3 2 3
10000000000000000010100101000001 3 2 3 2 7 2 3 2 3
10000000000000000010101000000101 5 2 3 2 37 2 5 2 3
10000000000000000010101000010001 17 2 3 2 13 2 17 2 3
10000000000000000010101000100001 7 2 3 2 43 2 53 2 3
10000000000000000010101001000001 5 2 3 2 19 2 5 2 3
10000000000000000010101011111111 5 2 3 2 37 2 5 2 3
