Case #1:
1000000000011111 3 2 3 2 7 2 3 2 3
1000000000101111 5 2 3 2 37 2 5 2 3
1000000000110111 3 2 3 2 7 2 3 2 3
1000000000111011 17 2 3 2 73 2 17 2 3
1000000000111101 3 2 3 2 7 2 3 2 3
1000000001001111 3 2 3 2 7 2 3 2 3
1000000001010111 5 2 3 2 37 2 5 2 3
1000000001011011 3 2 3 2 7 2 3 2 3
1000000001100111 3 2 3 2 7 2 3 2 3
1000000001101011 5 2 3 2 37 2 5 2 3
1000000001101101 3 2 3 2 7 2 3 2 3
1000000001110011 3 2 3 2 7 2 3 2 3
1000000001110101 5 2 3 2 37 2 5 2 3
1000000001111001 3 2 3 2 7 2 3 2 3
1000000010010111 3 2 3 2 7 2 3 2 3
1000000010011011 11 2 3 2 13 2 47 2 3
1000000010011101 3 2 3 2 7 2 3 2 3
1000000010100111 5 2 3 2 37 2 5 2 3
1000000010110101 3 2 3 2 7 2 3 2 3
1000000011000111 3 2 3 2 7 2 3 2 3
1000000011001101 3 2 3 2 7 2 3 2 3
1000000011010011 3 2 3 2 7 2 3 2 3
1000000011011001 3 2 3 2 7 2 3 2 3
1000000011100011 5 2 3 2 37 2 5 2 3
1000000011100101 3 2 3 2 7 2 3 2 3
1000000011110001 3 2 3 2 7 2 3 2 3
1000000100001111 3 2 3 2 7 2 3 2 3
1000000100010111 7 2 3 2 11 2 73 2 3
1000000100011011 3 2 3 2 7 2 3 2 3
1000000100100111 3 2 3 2 7 2 3 2 3
1000000100101101 3 2 3 2 7 2 3 2 3
1000000100110011 3 2 3 2 7 2 3 2 3
1000000100111001 3 2 3 2 7 2 3 2 3
1000000101000111 5 2 3 2 37 2 5 2 3
1000000101001011 3 2 3 2 7 2 3 2 3
1000000101100011 3 2 3 2 7 2 3 2 3
1000000101100101 5 2 3 2 11 2 5 2 3
1000000101101001 3 2 3 2 7 2 3 2 3
1000000110000111 3 2 3 2 7 2 3 2 3
1000000110001101 3 2 3 2 7 2 3 2 3
1000000110010011 3 2 3 2 7 2 3 2 3
1000000110010101 7 2 3 2 43 2 73 2 3
1000000110011001 3 2 3 2 7 2 3 2 3
1000000110100011 7 2 3 2 43 2 73 2 3
1000000110100101 3 2 3 2 7 2 3 2 3
1000000110110001 3 2 3 2 7 2 3 2 3
1000000111000011 3 2 3 2 7 2 3 2 3
1000000111001001 3 2 3 2 7 2 3 2 3
1000000111100001 3 2 3 2 7 2 3 2 3
1000001000001111 5 2 3 2 37 2 5 2 3
